200
VERTEX
SCALAR
temperature
72.138710
68.757256
70.086334
72.345314
76.476303
68.717278
74.022308
69.264168
71.947662
68.246986
67.838951
70.896301
69.772301
70.680534
76.834587
72.353859
74.656792
73.464737
74.671440
74.802361
75.229622
68.519211
73.254768
70.146767
70.469040
76.172035
72.197609
71.011658
73.067688
74.854240
76.315468
75.699303
75.665428
73.745201
74.584152
72.818962
70.892334
70.556320
69.002319
75.269295
71.159065
71.635155
76.791862
68.264381
69.126221
76.584641
74.374802
71.090393
74.801140
74.578964
76.568466
67.280769
70.187355
74.569504
69.429886
72.895569
67.433975
76.560532
70.191322
67.593582
71.418777
76.150368
72.722527
68.188393
72.697807
69.520523
71.958649
69.367317
71.769737
71.060791
75.730125
71.269539
70.582260
70.819695
67.431534
68.605881
72.223549
73.965851
67.970795
71.008301
74.734306
69.448196
70.428146
69.299873
69.978607
70.045441
75.872032
67.366524
73.511429
70.986023
73.762901
74.325966
76.378036
69.332832
75.384964
76.672234
74.786491
71.315010
73.740929
75.093811
68.587570
69.798851
68.353188
75.641930
74.502060
69.079834
68.399582
69.945953
75.028198
69.189400
72.630966
74.155983
68.975464
76.898376
69.500381
71.306160
74.552719
75.609268
75.948029
76.780876
70.953979
71.322029
68.271400
71.576859
69.378311
76.860527
73.528214
73.042358
69.418900
71.548782
74.899719
67.787987
71.763939
68.525925
69.457352
76.450058
73.140327
76.881897
71.772789
74.997070
74.441940
70.807182
71.799034
72.269020
67.980865
72.942261
70.471786
68.433456
74.795341
74.109894
71.461502
74.045807
67.953094
76.628288
72.513168
74.402573
72.790276
73.378677
74.816704
68.879028
70.021027
69.828148
73.840111
69.929169
72.653862
71.184395
70.065887
71.445328
72.656914
71.879303
73.066467
71.158455
68.304054
69.559586
67.357368
76.771111
68.145058
70.780632
73.467178
70.504440
72.530563
70.584091
72.654472
71.756310
68.636711
73.152229
68.721550
72.547043
69.922150
75.721581
75.350777
75.449051
75.955353
72.947754
72.405746
68.681877
73.549576
73.905121
69.638329
68.066925
75.149361
68.913513
71.232918
70.518478
75.392288
68.373329
69.626732
68.772514
71.799034
70.801689
72.048370
72.027618
70.519089
72.255898
68.206093
72.195473
73.071350
74.329018
72.568710
70.441269
75.019653
72.909912
69.669151
73.706749
72.521408
74.889343
75.877228
75.900116
67.680870
75.005920
76.073761
73.441238
68.651360
70.013397
68.662651
69.851646
75.419754
72.363319
67.363472
69.071899
67.212105
70.581345
73.214790
72.200356
72.460373
68.536606
75.233589
67.333260
67.259407
70.781242
73.163216
67.203865
73.265755
76.152199
70.747978
74.294533
70.958252
76.822685
72.972778
68.123077
69.215950
74.991882
75.706627
74.382431
67.136116
74.395554
71.183479
70.620407
69.038940
68.831413
67.762657
68.155434
68.591232
74.882629
67.403458
74.906433
72.990173
71.026001
69.290413
68.828056
73.143074
70.318886
73.051514
76.641106
70.780632
68.843925
70.000885
67.541702
68.440170
67.104370
75.848534
76.580368
73.259041
76.556259
73.310310
67.391251
70.512985
68.463364
68.060211
68.974243
67.839256
67.268257
76.457382
76.196449
76.079865
75.656273
68.489304
68.717888
67.682091
73.510208
74.368690
68.024200
68.600082
67.939667
68.217079
67.246284
74.623215
76.569687
67.278938
73.465958
68.080353
71.279305
70.097321
67.185860
75.853111
74.578659
72.095367
68.657768
74.629326
75.808556
71.995575
75.751488
74.347939
69.350227
67.516068
73.054871
75.759727
72.040131
73.783958
76.894104
73.047852
71.963531
72.897400
75.955048
67.446182
75.828697
68.082184
72.201271
72.788445
67.099182
70.870659
71.771263
68.929382
72.078888
74.750175
70.543808
73.977753
76.128082
73.709496
74.057709
71.268929
67.209053
69.129585
76.475998
72.028229
68.942505
73.447342
68.279640
69.649315
70.360390
74.036957
67.381180
76.536118
74.547531
75.743553
73.339912
69.435379
73.357918
75.504898
69.373726
74.209694
70.392136
67.502029
71.849998
75.974884
69.422867
72.275124
71.944611
75.550674
70.458969
68.238441
69.155220
68.154823
70.632011
69.039856
71.360786
75.283028
72.097198
75.195137
71.107178
75.706322
74.130043
73.435440
72.814384
76.532455
71.611038
72.211037
70.587448
70.257851
67.087891
76.782097
71.320503
